50 50
11111111110000000000111110000000000000000000000000
00000000011111111111100000000000000111111111111111
00000001110000000000000000000000000100000000000000
00000111000000000000000000000001111111111110000000
00011100000000000000000000000001000000000000000000
00000111111111111111111111111111000000000000000000
00000000000000000000000000000001111111111111111111
0000000000000000000000111A111111000000000000000000
11111111100000000000000000000001111111111100000011
00000000111111111111111111111111000000000000011110
00000000000000000000000000000001111111111111110000
11111111111111000000000000000000000001000000000011
00000000000000000000000000000000000111111111111110
00000000000000000000000000000111111100000000000001
00000000000000000111111111111100000000000011111111
00000000000000000000000000000111111111111110000000
00000000000000000000000000000000010000000000000000
11111111111111111110000000000000011111111111111111
00000000000000000011111111111111110000000000000001
00000000000000000000000100000000000000000000000001
00000000000000000000111111111111111000000000000001
00000000000000000111100000000000000000000000000000
11111111111111000001000000000000000000000000000000
00000000000001111111000000000000000011111111111111
00000000000000000001111111111111111110000000000000
00000000000000000000000000000010000000000011111111
00000000000000000000000000111111111100000000000001
00000000000000000000000000100000000000000000000001
00000000000000000000000011111111111111111100000011
00000000000000000000000000000000000000000111111110
11111111111111111111111111111111110000000000001000
00000000000000000000000000000000011111111111111000
00000000000000000000000000000000000100000000000000
00000000000000000000000111111111111100000000000000
00000000000000000000000000000000000111111111111111
00000000000000000000000000000000000000000001000000
00000000000100000000000000101111111100000001000000
00000000000111111111111111100000000111111111000000
00000000000000000001000000000000000000001000000000
00000000000000000001000000000000000000001000000000
00000000000000000001111111111111111111111000000000
00000000000000000000000000000100000000000000000000
11111111111100000000000000011111111111110000001111
00000000000111111111111111110000000000011111111000
00000000000000000001000000000000000000000000000000
00000000000000000001111111111000000000000000000000
00000000000000000000010000000000000000000000000000
00000000000000000000111111111111111110000000000000
11111B11111111111111100000000000000000000111111111
00000000000000000000111111111111111111111100000000
